K: 410.626827391449, 0, 341.5302124507436, 0, 421.2030801438814, 415.1876854466292, 0, 0, 1
distCoeff: -0.05501880412224023, -0.06217281727748616, -0.03513777159418284, 0.01008007338000623, 0.03479775767396416
R: -0.3721194673423782, 0.07922201991064509, 1.344583791559966, -0.3644108670247416, 0.07707855877801918, 1.351292531771725, -0.3611870320437629, 0.07469510937010662, 1.352766237796813, -0.3510447286930273, 0.06998361782636089, 1.353503712599027, -0.3505750401948546, 0.06754555148554248, 1.338850835534261, -0.357403731906844, 0.06354987800783728, 1.329809047528124, -0.3595469167454803, 0.06001241857924262, 1.32641276547742, -0.3602026652818699, 0.056516947167056, 1.325084900998594
t: 1.912301621874466, -15.29971420685443, 18.48298747225267, 1.963767729791957, -15.51014874361402, 18.41913689092714, 1.914229443779188, -15.60512552387405, 18.3952092377669, 1.679102521511108, -15.69445462417417, 18.26256559067182, 0.9650736447599957, -15.38365111540069, 18.1636637777914, 0.6140681382523938, -15.36427184575488, 18.16381210600462, 0.5375600033509838, -15.43150342472512, 18.13052448078487, 0.5793745099608779, -15.51709562936881, 18.07067043324031